0 0.160724 0.573029 0.10723 0.144514 0.898283
2 0.258316 0.753803 0.100335 0.237446 0.8957
0 0.0269294 0.46746 0.0538587 0.105789 0.88288
0 0.396924 0.295096 0.039492 0.0644694 0.809565
0 0.995278 0.244708 0.00944462 0.0529996 0.572253
2 0.601836 0.125241 0.0333214 0.0397511 0.462885
0 0.820331 0.175781 0.0306545 0.0423312 0.452466
0 0.442057 0.11549 0.021117 0.0311268 0.430955
0 0.693104 0.107081 0.0202777 0.0269279 0.328648
2 0.261283 0.168694 0.0250898 0.0442232 0.321739
3 0.602319 0.107466 0.0334653 0.0711161 0.289593
0 0.563711 0.100526 0.0190067 0.0300413 0.261836
0 0.477362 0.1032 0.0200171 0.0289772 0.261217
